0	11	  2062300	1749654194	1750086043	1750086044	
1	sourcetype::splunkd_conf	  1	1749723428	1749723428	1749723454	
2	sourcetype::scheduler	 81	1749719460	1750032103	1750032106	
3	sourcetype::splunkd	  2026168	1749654195	1750086035	1750086036	
4	sourcetype::mongod	131	1749723429	1749725239	1749725247	
5	sourcetype::splunkd_ui_access	 12030	1749654194	1749746681	1749746682	
6	sourcetype::splunk_secure_gateway_modular_input-too_small	  2	1749723413	1749723413	1749723487	
7	sourcetype::splunk_web_access	         80	1749723453	1749743080	1749743081	
8	sourcetype::splunk_web_service	304	1749723447	1749743024	1749743024	
9	sourcetype::splunk_search_messages	117	1749654251	1750032127	1750032127	
10	sourcetype::splunkd_access	 23234	1749723444	1750086043	1750086044	
11	sourcetype::splunk_pdfgen	152	1749743048	1749743061	1749743061	
