0	9	  1546067	1750292572	1750724571	1750724572	
1	sourcetype::splunk_secure_gateway_modular_input-too_small	  2	1750292614	1750292614	1750292629	
2	sourcetype::mongod	 96	1750292627	1750697251	1750697252	
3	sourcetype::splunkd	  1527543	1750292572	1750724571	1750724572	
4	sourcetype::scheduler	 10	1750292629	1750636803	1750636804	
5	sourcetype::splunkd_conf	  1	1750292626	1750292626	1750292630	
6	sourcetype::splunkd_access	 18160	1750292631	1750724565	1750724566	
7	sourcetype::splunk_web_service	           210	1750292633	1750292637	1750292639	
8	sourcetype::splunk_web_access	  1	1750292637	1750292637	1750292637	
9	sourcetype::splunk_search_messages	 44	1750292687	1750636807	1750636807	
